466675
455180
466308
465900
466279
458208
465513
462945
429813
448709
461878
464977
407414
465296
463559
459092
464800
463097
464615
464339
464408
419769
464312
458563
445231
463526
383608
464463
456532
463330
459967
382590
461706
386692
464312
434821
425601
425601
425601
433177
407629
407629
407629
462790
462768
396575
390064
440282
444964
421035
463533
415066
455042
462756
463153
371614
463153
461838
463062
463070
432593
459189
446691
410218
448709
455945
408815
410218
462083
462025
410218
461969
461969
425203
461863
440477
461025
437072
440477
459320
460484
443232
460993
425601
459739
440477
440477
458200
461250
440477
460588
460422
460465
440687
460484
460350
460186
450085
458613
459976
460008
440477
440474
450490
458577
459739
459601
449330
459305
459305
415274
456960
455882
433404
458795
458396
458361
439285
456508
456861
457426
456924
457210
443870
457079
456986
457007
457007
456481
456395
437414
436486
454182
456487
456459
456497
451660
456236
415790
455723
436486
437414
436486
437414
437414
454401
453475
455427
455557
432574
449330
449330
454644
446442
449262
449262
453687
453527
454031
419971
445949
448556
439750
450037
451540
453527
453483
453483
453483
370424
453483
453635
453635
453635
451903
451902
361378
448954
448954
448954
431911
452780
444024
443769
452457
452788
452194
448777
445708
403674
445147
451840
451677
410892
451418
451289
449063
430108
450684
433500
430108
430108
405778
450859
424290
450604
424290
429430
450442
450442
424290
450604
424290
450415
450415
450415
450417
448043
436139
450380
450380
381392
447579
447579
448954
448954
448826
443928
423987
422468
449659
449659
449659
424500
449467
449824
448794
448801
448792
449358
435805
429940
449619
448799
401850
447088
447573
448802
426537
448800
448914
430686
449410
431357
448112
437444
434118
443596
448795
447767
437444
444334
424198
446953
430686
428177
448028
440019
445725
434394
448724
437444
437444
445099
446255
446765
446317
447119
447774
437522
437973
437973
447062
446746
441731
446434
434326
446746
445669
434326
446715
446368
442868
446055
437444
424198
443596
432682
432605
423409
445227
423409
443596
442245
432682
444785
442245
444803
440285
432759
444665
432605
431811
435281
444300
430667
433735
438945
443942
433588
440019
442418
442416
441907
443932
433458
433458
444024
430667
435682
435219
435219
443854
443467
443889
441907
433178
435397
437781
439515
440643
433178
438952
439431
442929
441790
441790
433478
416480
416586
416586
443347
434579
430336
430336
442755
438945
433747
438923
430572
442983
422810
440470
441726
410207
442954
441734
441929
430425
432110
442534
434483
428069
430656
432977
442614
439158
436350
442528
431501
442452
441790
423885
422832
422832
422832
440486
400899
440592
422884
386901
441983
438471
434326
441726
410207
366298
441208
441338
441797
441693
428069
432614
438812
440731
434556
435348
441273
441273
411093
435869
435419
436474
438458
435767
437270
438383
440759
440764
439298
432175
435187
440773
440152
434464
440592
433845
411093
411093
440486
400899
440477
440477
440477
440477
440477
440477
440477
440462
435689
438337
437007
433879
439889
439234
440143
434602
438469
438467
438971
438179
438250
438012
435570
438458
439516
439516
438458
438458
438458
439936
438534
439936
436542
435480
436139
436139
439515
416380
439707
437639
438437
412119
356851
432541
412119
435544
435544
412119
438961
438960
438877
438875
436542
433989
428845
438507
436736
433503
436347
436563
436266
364326
436155
434044
435962
435462
435462
435462
435463
435399
434442
431716
431716
434600
434600
434600
434600
433825
433906
434899
434793
423280
406805
434044
434630
408653
434570
434297
399527
432603
433478
408653
434527
387956
387956
426977
418092
426977
434374
407297
422796
433586
432626
433158
403674
432110
432531
431514
432977
425420
425420
426277
416027
431810
430073
429012
416027
429012
430441
430441
431577
429733
430150
430571
433060
430073
430195
431190
430766
429635
423280
433084
433011
428894
376977
431716
376977
421477
431238
432223
427745
432487
426436
432625
432520
419827
407841
432682
431402
432619
432348
431581
431408
424154
403154
432284
432051
419219
431963
421165
431275
430759
390889
431269
425687
427367
430686
431253
405026
405026
430867
431199
430987
429949
430869
430869
377710
429958
430759
430425
430451
428468
428468
430307
430310
430296
430136
430015
430241
430219
430159
430136
430015
430141
430035
428468
428468
429910
428468
428468
430084
430069
424624
421040
430069
430043
430040
429812
430027
430033
430026
430015
429812
429985
429969
429910
386113
429966
429934
429430
392245
429430
429948
429934
429934
429836
429948
429935
426537
429733
429403
429845
429833
429763
429759
429759
429763
429738
429738
429738
429749
429733
429733
429641
429490
8031744
420045
429490
426537
425064
425031
429490
428968
429537
429490
429424
429490
429430
425183
429435
425134
419351
426058
411771
386113
428811
429395
428857
429387
416182
400905
429384
424195
429279
426546
429203
429203
400905
428526
429112
429090
429262
429090
400899
416190
416190
416190
416190
416174
419351
429110
426058
418743
428985
428985
428985
428980
400905
427943
400905
392238
427163
402081
428786
428786
428786
420313
424728
428247
428526
428735
428735
428642
428795
427357
411771
428388
428274
428552
428522
428524
428388
428274
427199
428388
428274
425040
428366
428177
428307
428352
428261
427468
428366
428352
428275
428300
428275
428305
428003
428274
428291
428291
428294
428285
428220
396139
428264
428198
426996
428019
427628
428247
428178
424198
428112
428019
423467
428071
426902
427478
427955
427962
427955
427943
427922
427754
427478
426836
427736
426459
426542
426984
424710
427218
426984
425897
401848
427538
427622
427808
427736
427320
426902
427753
427677
425216
425216
427411
427748
426616
427749
427748
427744
427265
427626
427265
418537
426759
427728
427627
427479
427165
421922
427628
427625
427538
422064
425599
424914
425278
426542
425040
425040
427537
427438
427357
427438
427532
427117
404648
427463
427504
427483
427433
427483
427438
426515
427433
427105
427337
427337
425183
427223
427216
427282
427383
427218
427362
404668
427322
425084
427322
425084
426671
427282
426565
424637
414113
424977
427224
425721
424195
427196
425743
421628
427255
426851
426462
422901
426510
416560
426462
426520
406744
427207
427168
427164
417937
427072
423505
423505
426998
426965
424930
420525
426965
426515
426954
426764
426937
426669
417937
426094
425063
424591
426676
426778
426792
426671
421922
422822
423254
410207
377883
411098
395348
414653
421736
423828
411098
411098
422687
422739
422685
418580
422743
421017
420590
416912
417072
417072
412882
421628
421628
426678
426447
425719
426680
421922
426678
426671
406744
426086
426633
424286
426540
426652
426563
426590
426590
426534
426589
426589
426544
426534
426480
426048
425152
424403
426290
426366
426434
425512
425741
426214
426411
426318
423254
426315
423496
424415
425493
425718
426206
423685
426078
410207
426078
426074
417937
425156
424906
377883
425951
425460
425798
425798
425783
425719
421926
425712
424286
423496
424628
411098
425632
422731
423803
425599
425621
395348
425512
405104
420458
425278
424205
424712
424845
425153
424195
425142
425152
424712
424205
424242
425152
425084
414653
424075
424286
420458
424286
424053
424286
424286
424286
424286
424138
424589
418979
418979
424637
424710
418979
418979
416559
418979
418979
424718
421736
424727
424742
424725
424637
424631
424589
420525
424167
418979
404489
424053
424444
424119
423849
401272
423129
423872
405843
424226
423122
423122
423429
423584
424110
424080
424071
423504
424053
424053
424053
424053
424053
424053
400874
421791
405125
423582
422468
423828
411098
411098
422687
422739
422685
418580
422822
421902
422901
421927
422107
405134
405126
407106
384667
422801
422800
422468
422743
421017
420590
416912
422515
422489
417072
417659
422516
422134
420456
383096
421469
417935
408230
417072
422259
402080
417923
391521
421543
410325
410325
421796
404690
422050
421587
422051
401850
400871
421897
412882
421797
421040
415734
421543
421711
421712
421607
420660
421620
421543
418919
421536
421156
417072
417803
419057
418011
420894
420446
418825
420446
420388
416912
416740
419811
416740
417803
418646
418924
418843
416267
418233
421473
382721
414113
418920
417072
417803
417659
421148
419057
418011
420894
419209
420080
420446
418825
420446
420598
420582
420580
420482
395886
420458
420458
413569
420388
420413
416912
420284
420283
416740
419748
420084
419811
419811
419748
420045
420041
420041
420038
419971
420004
419918
415280
391331
419833
419811
419331
419748
419664
419209
417659
416379
418921
416740
419479
417659
413569
413569
419412
412149
412153
419331
412151
412149
417803
419165
418000
418000
418235
418235
413613
414038
418646
416107
418599
395348
418599
415997
416107
416267
415269
415269
415413
415413
414238
416106
414033
415943
415699
393356
386901
407853
418924
418843
416267
418599
418233
418235
418235
413613
395348
412151
418599
417017
418528
417113
415821
418347
418347
417669
413592
418041
417113
418096
418096
415308
409586
415997
417758
417759
416107
417388
417660
417076
416886
396139
417295
417295
417295
417295
417295
417295
417295
417295
417295
417295
417295
417295
417295
417295
417295
417295
417295
417295
416267
416313
416885
415860
406982
415269
415269
414444
414444
415413
415413
416623
415860
414238
392099
416307
416307
392238
396258
411964
416176
416181
416180
416174
412150
416106
404657
404657
416183
416182
416172
416174
416175
414380
414033
415943
415699
406982
415043
392099
415844
415850
415911
405517
415850
393356
415850
406982
406973
407297
409544
415470
403457
403216
392238
409250
415734
405932
405051
414384
415470
410325
412203
415399
415397
415543
415541
408038
412076
413460
413460
414584
413958
338350
338350
413421
406836
405176
405176
413083
401141
412639
381445
412400
412664
408441
405569
411423
412076
412203
411612
409765
411161
408031
413460
413460
409473
415043
392099
414444
415043
392099
415043
392099
415291
415043
392099
415043
392099
415043
392099
415043
392099
414444
409517
409246
414444
392099
392099
392384
414444
409244
412650
407297
392384
407191
407191
414584
409236
406973
409247
409245
413958
413913
411273
338350
338350
412726
412284
413604
413421
406836
408038
404169
405176
405176
413083
412453
4009077
399794
407131
407131
401141
412639
381445
4009077
412400
412664
408441
405569
410114
410114
411423
412076
412203
412155
405934
406587
411612
409765
411161
408031
405250
410402
392099
405932
405051
405517
408447
403414
399794
410402
399794
408447
409473
383624
407364
383624
406468
406859
386901
407853
370971
386901
406800
406800
406928
403414
406465
406530
406384
384380
384380
403147
400761
403147
400761
405706
405908
405699
405547
382960
405699
385154
403086
402993
401088
405038
405225
385154
405038
341828
385154
404251
403735
403414
383624
386901
407853
370971
405025
386901
402812
406800
406800
400919
406619
407189
406469
406614
406928
388739
395681
388795
403414
406846
406847
406465
406760
406773
406744
406396
406392
401989
406641
406319
406319
406586
406467
406584
406636
406627
405889
406589
406589
406614
406388
406530
403810
406384
405071
404489
399792
401627
406181
405068
404489
399792
406175
406178
405069
405068
405067
384380
384380
399792
403147
400761
403147
400761
405706
399792
405908
405066
405699
405547
382960
405699
385154
395612
405517
400568
403086
402993
401088
399791
405038
405225
402231
385154
405038
341828
385154
404251
403735
404986
404451
385154
404986
403985
400650
404169
404869
404451
385154
402574
395897
367669
404169
403958
404169
403414
378674
401271
400761
403036
378674
400767
400767
378674
378674
393192
397850
401853
400060
400060
400060
398520
398520
376440
397850
397850
401726
397850
394831
401092
401088
401456
401159
401017
382069
376590
400421
347100
392581
392581
404728
399791
402574
404649
395897
404649
404649
391376
404648
391376
391376
367669
404169
403958
403867
404285
401551
404169
404052
392671
403881
402818
402819
401941
401941
402173
403705
402892
403414
402892
402173
395612
403444
403581
403216
403457
392099
403216
403457
378674
402674
402673
403410
403410
402892
403132
399769
403132
401271
400761
403036
378674
401487
402174
400767
400767
402831
402173
402665
399780
378674
378674
399780
400568
393192
402618
402609
399780
399793
402173
401769
402261
402259
402233
401796
402237
402219
402219
384567
402028
399793
401939
402198
401551
395663
402028
401030
401939
401941
400902
397850
383970
401853
400060
400060
400060
401847
401847
401845
401790
401789
398520
398520
376440
401610
401610
397850
397850
401030
401726
397850
394831
401092
401088
401456
401222
395658
396576
401246
401235
382350
399567
399778
396576
401159
384750
401035
384750
401017
383973
382069
384750
400710
399695
376590
400421
400556
400556
395663
400745
399770
384687
382727
382727
382721
382721
347100
384580
382721
382721
395658
399773
392581
392581
396299
398920
398920
398657
331649
382789
380896
383368
388630
399224
399537
399537
382702
398272
397818
397818
398490
398490
393719
376263
385154
381443
396084
378024
378024
388042
396000
397070
395002
399537
398267
382713
384600
399979
399768
398734
399534
384595
392581
391894
392581
392581
376053
395977
393149
399224
391895
399537
384600
382701
399600
382701
382701
381345
381345
391895
391895
399453
396299
398920
390883
398920
398657
391893
395886
331649
382789
380896
383368
388630
398158
398272
397818
397818
398490
398490
395886
393719
376263
385154
381443
391890
396084
378024
378024
388042
391898
396000
397070
395002
388739
376053
395977
393149
388795
381445
381443
395395
394382
394967
394768
394718
394780
386318
392908
388281
388795
381445
381443
395395
394382
394967
394356
394768
394718
394780
386318
392908
392862
388281
381134
381134
388281
388281
393781
372076
372076
393749
393749
393537
385780
393149
385593
392727
392099
388281
388281
391517
381134
388281
381134
394355
388281
388281
393781
372076
372076
393749
393749
393537
385780
393149
385593
392727
386007
386007
391108
391978
383072
391707
391092
385780
375366
385593
390191
388137
379834
379784
386534
388996
387612
388137
380048
392099
388281
391517
388281
391108
388936
392119
391978
383072
391707
391108
391092
391315
391464
385780
391500
391196
391314
391315
388630
385415
386181
345305
382347
385137
390882
390882
390761
388085
385293
390784
375366
385593
388954
388800
382347
390191
388137
379834
379784
386534
388996
387612
388137
388630
383968
388800
382347
383968
388634
382355
380048
385415
386181
345305
383908
386356
386356
386318
383643
386259
386318
383780
382606
383690
385564
385858
384663
385626
384531
384531
384531
385404
385540
375409
384531
382778
379718
384870
374777
383315
381567
381172
383644
382836
386318
383643
386259
386318
383780
382606
383690
385564
385858
384663
385626
383913
386007
384531
384531
384531
385404
385540
375409
385374
384531
381358
382778
385132
385111
381121
383378
379718
385009
380194
384870
384666
384457
383950
374777
383315
381567
381172
384317
384320
383062
380501
382353
382345
382353
382354
382345
382353
381121
383015
383949
383884
383600
383714
383644
382836
383499
383499
383085
383046
380927
380750
359495
380313
376673
380112
379726
379793
379630
375971
379373
376550
379078
373409
378783
376673
378783
378783
357547
322977
376930
374176
371832
352949
322977
322977
377806
322977
376724
374129
372011
374605
374605
374605
363293
363293
372418
374605
374605
374605
372694
375394
375394
351697
375394
375326
375248
375248
372319
367669
371732
374063
372012
365859
371732
373953
365859
372011
373571
367836
368646
372012
371732
372909
372011
353553
342393
367669
369381
370930
366063
365531
365531
370639
331649
368546
364254
369595
366829
369381
331649
368152
369251
365208
361356
368152
365582
361938
365662
343060
368842
368709
361407
362331
358903
365387
365519
365387
365437
368435
368435
361963
365437
341296
366131
367023
354229
367879
366999
367566
364890
365992
367203
367154
362711
365835
365836
365983
366003
366829
364450
366544
356620
356620
365566
358903
365387
364820
365035
334457
331647
363858
340945
364672
350738
346038
346039
362279
343060
362591
361327
346042
361938
361938
359284
361441
363293
361922
354766
359284
360164
359721
343480
318401
357425
318401
360164
360317
360328
349326
359727
360328
359284
359943
359943
359943
360644
358762
359831
359943
360328
353474
360328
359943
359831
354181
359831
359831
359831
349326
359495
349326
359646
359334
359334
359362
349326
348186
355838
349326
354502
358827
358827
349326
349326
358827
357110
357471
357259
357259
357259
357259
347396
356746
337935
356363
346529
356002
350095
345807
348024
346010
353640
354766
354766
353535
354579
354078
354078
353535
354554
354536
352412
346741
353238
353089
353553
353553
353553
353085
353085
353250
346002
346002
345569
345334
345334
336451
324987
328575
328575
343621
343621
343621
343865
343607
339226
343713
343607
342598
342598
342598
343342
343342
328281
335986
342671
337415
338649
337415
342936
342455
342757
340691
342671
342300
342470
342470
341759
341499
342054
342054
341499
342054
341475
341394
341475
334493
340365
339447
340029
340029
338011
337962
338011
337962
339337
337751
339870
339913
339250
339250
339139
339128
338370
326950
324178
338006
338234
338625
322817
335118
338118
338303
337868
337868
337964
334783
334783
334783
336046
337275
337093
336648
336934
335751
335309
332843
334622
334622
336821
331138
336544
332838
335780
335845
327143
324189
327143
335093
334119
334652
333089
334315
333956
329156
320195
1203
1084
613