457394
445557
439453
432201
414360
419413
419413
419413
422421
422538
422538
422538
422538
422606
422606
422714
330695
330695
414219
414360
414360
414360
418845
419413
419413
419413
419590
421088
421342
421342
421342
421342
421886
422086
422179
422283
422343
422421
422421
325006
414311
415788
420490
420513
420877
420946
421119
413584
414316
415101
415140
415910
418736
419190
420326
420401
413584
415140
383400
417809
417809
420006
420006
420006
420006
420371
420385
417481
419621
413191
419621
419621
419621
420006
420006
420006
420006
420006
420006
420006
420006
420006
420006
420006
420109
420165
419621
420019
330695
417083
419700
419825
379619
419164
326119
402082
410279
412872
412953
412953
417262
417262
417262
417262
418853
419028
419179
326119
410655
413191
344416
391953
398100
403531
408511
408767
409726
410655
410655
413480
413630
414461
414597
414799
415893
416743
417262
418054
418054
418758
418759
381543
412872
381543
386117
417262
418134
337999
409767
412856
414837
416581
416581
417043
417262
417262
417262
337999
374458
414963
415263
415263
390081
412332
413480
413480
414963
415278
397041
412294
415013
415079
414116
414116
414799
359629
372298
395059
395059
398835
402465
411052
411420
411929
413924
413924
413924
413924
413924
413957
414078
414647
414800
409634
395059
395059
395059
395059
395059
395059
395059
395059
395059
395059
410534
412496
412620
412620
412743
412743
412743
412873
412890
413124
413181
413571
413630
411473
386764
395059
395059
395059
395059
395059
410655
412394
386764
410534
411422
412620
412707
386764
409606
409767
410534
410655
410655
412343
390374
322855
359629
383911
395059
404096
408511
408511
408511
408511
409758
409767
410141
411473
411548
411629
411633
411708
411475
409767
411142
411473
347517
398835
399434
399444
400278
403024
404095
405650
407825
407825
409041
409427
409546
409632
409682
409758
409767
409767
409767
409767
409935
410013
410062
410062
410397
410398
410399
410400
410404
410448
410463
410486
410515
410541
410580
410597
410655
410655
410655
410655
410673
410675
410754
410934
411038
411198
411320
411473
403024
409343
409087
409201
405650
398263
398472
408737
394020
395059
407649
408361
408535
408535
398103
407816
408044
367462
398103
407445
391137
395059
398239
399927
406943
407445
407556
360055
389032
389612
394020
399803
401911
402431
403094
404761
406704
407442
385235
383359
405138
406959
405138
405138
375208
392682
400270
404858
406606
406704
406693
406729
406729
406959
406647
406647
406848
406934
403504
395029
400621
403504
404860
405138
406693
406693
406715
406729
406741
406751
380843
385332
390767
406724
392678
392679
385332
399302
399302
399302
399803
399803
406695
406695
406727
406728
406729
406729
381265
406028
406470
406647
406693
344039
382909
388255
392346
405138
384269
384269
399302
404949
406383
387710
395059
404949
404949
404949
404949
406256
406235
406248
399803
399803
399803
396760
400168
401355
404933
394850
400396
401355
401355
402792
403393
404275
405097
405656
405912
399803
400396
404275
405782
400396
400370
400396
400396
383907
395998
400396
400396
400396
400396
400396
404761
405136
395998
398080
402882
404214
404857
404858
329528
383359
383907
403571
404315
404711
404857
404953
386705
394052
394052
394053
398835
399656
399685
399699
399803
399803
399803
400165
400167
400266
400356
401355
402059
402059
402682
402792
403389
403507
403527
403528
394052
334967
387836
391121
396006
396146
396545
397252
397620
398538
399691
331515
344108
383012
383013
384269
384269
386533
393482
393640
394053
394053
394346
394925
395095
396135
396666
396740
397310
398214
390374
395497
396332
395851
3372600
344100
372600
372600
372600
388897
390738
393640
393640
393798
394051
394053
372600
372600
372600
386344
386344
391558
392923
393482
393617
393640
393640
393824
393909
393798
324327
324327
378070
382767
382767
383987
386344
386344
386344
386344
386344
393482
393488
393617
393640
393640
393798
393493
324327
324327
324327
334024
384685
389130
391841
391850
392100
392688
393141
389570
391068
324327
384251
389674
389842
389946
391260
391723
367525
391068
391753
324327
375908
378399
378970
383148
385594
387156
389812
389996
380843
386204
388901
376468
388901
389130
389143
378101
380773
382911
385068
386344
386535
389102
389103
389130
389130
389130
389347
388222
370038
386344
386966
388998
378031
381912
387492
388569
386143
386548
380584
380729
383026
386533
386920
386143
382173
386344
382115
385908
386143
386227
335790
378003
382952
384633
385727
385796
379783
379783
380052
380876
381506
382164
382194
382415
382415
382788
382796
382908
383287
383316
383317
383766
384255
384365
385127
385632
385713
336813
383592
380584
380843
382115
383026
383148
384043
384069
384269
381902
381902
381564
338013
373497
376352
381564
376298
376298
381569
381625
381629
380324
375372
381569
367213
380104
381550
381561
376468
380401
380588
381036
358682
380389
381359
378855
374766
375076
378855
358671
373328
375372
378474
378855
379052
379619
379844
380016
380104
380390
378230
379619
374729
378800
379334
379496
379582
373098
378947
378709
378709
373167
376939
377081
377705
378026
378214
378230
378416
378473
378709
378230
376922
374019
374673
374760
374776
375181
376312
376916
377839
376271
373052
373327
374187
374705
375639
375795
376370
376682
367633
374506
375099
375116
375224
375360
375363
375454
375855
376191
376192
376308
376668
376678
376678
376678
376680
375208
364381
374629
375208
373167
374506
374783
374843
375097
327432
347872
373606
327432
348300
361014
373178
374047
373275
373279
370331
373851
373877
373178
373557
372596
372663
373178
373197
373275
373279
373279
373296
373474
373483
373590
373703
348356
372971
373186
367861
367861
373165
373165
372725
372839
350482
372725
372971
369417
372971
372971
373024
370420
372971
328090
372971
372971
332122
371029
372804
372811
372887
332122
332122
371029
372837
372838
372579
372591
354023
351100
351100
351100
338893
351100
371771
358554
371599
367861
358554
372169
372553
350482
358554
362352
370331
371984
372384
372432
358554
370620
371984
371984
372432
370300
356790
367789
371127
371747
371955
372028
372068
372237
372237
372360
349620
362233
362233
371771
362233
370620
371771
349620
355057
371771
371872
371872
356914
357299
371154
371771
361014
370300
370646
333930
370283
370620
371017
371323
371010
346046
349620
365512
369414
370504
371017
371127
369630
369697
370507
370826
369697
369697
369697
370507
369697
369697
369697
370483
346046
370483
370504
369697
369697
364772
370420
370493
370420
369697
366019
348356
357294
328204
351100
357294
368830
368912
368912
369805
369805
369805
351100
351100
356786
357294
357294
368777
369598
369697
355059
367525
368835
368912
369421
368777
361977
361979
361980
361982
362016
364478
364509
364511
364621
364637
365374
366111
367134
367136
367185
367209
367215
367320
368462
368607
368784
368830
368873
367861
353236
359461
357205
356786
367493
367493
368295
368568
367861
335254
335254
349510
364155
364999
367525
367556
367006
355927
367573
339474
367286
339474
354023
356397
366496
367092
367286
335254
349644
356788
359461
365959
367002
367006
367123
367183
367309
367002
367003
350385
366353
366858
366863
325300
343748
360595
364632
365879
366052
366064
366064
366629
366702
361048
361048
361048
365962
361048
365879
365879
350385
365879
353433
364423
364776
364874
364874
365033
356790
327249
362259
364162
364164
364240
364428
364506
364531
364531
356790
363838
346742
360952
362998
363380
363389
363496
363838
363850
346882
363838
362998
321278
362998
362732
362998
327249
359312
360654
361636
362314
362352
362525
362531
362560
362712
327249
360654
361636
362314
362352
362525
362560
362712
346882
356283
361536
362233
362525
358600
359518
359595
361912
361912
361912
361912
361912
362009
360234
332760
354179
358786
359592
330167
360361
348049
359595
348049
355737
358575
359299
359595
359976
360361
360737
354873
355975
360734
360737
359516
336430
353222
355975
357052
358468
358563
358580
358634
359232
359236
359241
359246
359280
359300
359312
359317
359318
359321
359461
359463
359467
359470
359471
359577
359591
359618
359620
359624
359750
359976
360161
360252
360259
360263
360330
360365
360442
360549
360581
360584
360654
360743
360780
360824
348356
359317
356344
357294
358562
358582
358583
358631
358635
358637
358657
358760
358943
359084
359119
356344
346555
347482
347482
347482
347482
347482
347482
348901
348907
355436
356351
356376
356857
356960
357294
357366
357524
357524
357541
357544
357818
358004
356253
356348
357218
357218
357294
357310
356642
356253
341434
356334
356344
341434
347522
355977
356855
356958
341434
352132
354984
355842
356112
348237
348548
355713
356283
355864
356326
356330
356332
356338
351100
355930
356112
355864
355930
356326
354987
355068
355444
355096
355096
355098
355863
355963
355963
324060
334159
348969
349473
349619
350965
351461
353077
355444
355963
355990
356006
356009
332747
351100
351100
348969
353077
356006
349924
354984
354987
355525
355532
350679
355179
355557
336430
348090
348907
349621
350931
353316
354670
354977
354984
355015
355096
355096
355098
355245
353316
354533
355004
351100
343544
353367
354879
336592
336683
343544
347365
348125
349771
349828
349924
350633
321538
339956
346161
346672
349598
352228
354077
354570
354753
354879
336430
337980
348404
348619
348901
350561
352584
352915
352916
352918
352919
352933
353222
353222
353367
354422
339956
349633
350334
343544
347505
347913
348083
350610
352584